0
336
1.8623277877093098
1
355
1.0395310066058736
2
356
1.0585393077556262
3
191
1.4616821657356929
4
387
1.6859541367833817
5
69
1.2723762519159014
6
365
1.8565006386527267
7
302
1.6906577436855459
8
167
1.3226251043804784
9
463
1.8465695841205332
10
186
1.6608700191028385
11
263
1.3661236556511058
12
399
1.922313117075787
13
497
1.3155245024413356
14
46
1.9880741965240591
15
324
2.0716838048460975
16
467
1.9175440473340037
17
102
1.4397974595443064
18
51
1.8409846809326103
19
274
1.49715468148957
20
25
1.9127009981324428
21
133
1.2802904341436694
22
388
1.2209077705999534
23
169
1.1970730274195798
24
64
1.6645216509281373
25
453
1.986196327433552
26
230
1.6980276393652005
27
474
1.5301521770857405
28
295
1.0487079829180521
29
117
1.2358606812104587
30
408
1.275015916379221
31
73
1.031345390118475
32
52
1.4662768912442314
33
244
1.3510074363748756
34
466
1.2769077802234734
35
77
1.2088411475651824
36
451
1.6613780018054194
37
429
1.7508276582762607
38
387
1.3320755688429138
39
165
1.0859564527759173
-9
